33851.794468
268.214034
243.438237
245.646151
244.182855
243.899276
244.190520
245.060125
246.011680
221.058425
243.847984
243.533157
256.627352
242.844547
243.711205
242.522646
243.414065
242.950669
242.956564
243.789027
242.175983
244.491786
242.271492
243.080372
242.308045
243.092164
244.656864
257.267617
243.121642
242.423599
244.738224
243.427036
241.882380
244.656864
243.265495
243.463588
242.374076
243.421140
243.666398
243.207718
243.843267
242.276209
245.977485
240.913139
243.421140
244.062584
243.253704
243.957642
242.510855
244.136869
256.083775
231.142900
243.327989
242.691261
243.649890
242.055712
245.832453
241.969636
243.315019
243.579143
260.106953
241.404834
244.784210
241.755035
243.405811
243.118105
242.944773
244.551922
242.444824
243.688802
243.793744
243.460051
243.442364
244.418681
242.545049
243.958821
242.119385
243.661682
243.572068
243.350392
241.620614
242.994296
243.078014
243.836192
242.497884
245.114365
241.503881
244.056689
242.687723
242.613439
244.156915
243.186494
242.935340
256.062550
243.583859
243.988300
242.072220
243.905761
243.000192
244.594370
37489.970796
268.369089
243.315019
243.469484
244.467025
242.438928
275.052375
254.960067
244.840808
209.673373
252.532247
250.346147
244.497682
242.999013
243.730071
243.957642
243.445902
243.388124
243.590934
243.752474
244.870286
243.259600
243.658144
243.362184
243.805535
244.120362
244.599087
243.471842
243.738325
243.345676
244.135690
244.039002
244.373874
243.277287
244.021315
242.121743
244.316097
243.752474
243.232480
243.481275
243.450618
243.379870
245.055409
243.799639
257.282946
244.800717
243.488350
243.577964
244.143944
251.351942
237.585645
243.151120
243.893969
243.991837
243.310302
243.240734
243.344497
244.101496
243.377512
258.095364
243.212435
244.783030
243.737146
243.331526
243.343318
243.722996
244.798359
242.724276
242.838652
244.105033
243.436469
243.462409
243.678189
243.812610
243.542590
243.289078
259.499703
243.739504
243.352751
244.339679
243.895149
243.923448
243.471842
243.745400
243.594471
243.773699
243.984762
244.319634
244.119183
243.588576
243.819685
243.800818
243.214793
243.346855
244.125078
244.028390
244.123899
243.719459
243.645174
243.969434
37095.563155
267.391593
271.801525
261.004268
251.205730
234.708578
211.193267
279.922166
243.669935
236.249695
211.222745
297.051330
230.349349
247.474975
210.962158
268.903233
243.706488
247.408944
210.689780
255.491853
258.723838
244.649789
211.233357
240.651373
257.682669
243.982404
228.006425
241.218532
271.049242
247.042236
210.771140
240.527565
277.929443
254.602792
211.516347
240.651373
273.639782
244.849062
211.868906
240.331830
281.416119
232.395132
230.197241
227.078453
270.826388
242.035667
246.842964
210.663839
275.364844
238.645679
244.852599
211.219207
268.484643
245.538850
245.252323
211.139027
269.914923
243.862133
245.654405
212.072895
270.753282
244.363262
245.725152
211.391360
255.393986
259.482016
260.450078
211.564691
255.134578
260.333345
244.175781
211.740381
241.271593
256.187538
243.708847
227.423937
241.003932
269.975059
246.925503
211.850040
240.163215
268.216982
249.550237
211.083608
240.808197
273.316702
241.123023
229.515706
226.840269
270.154286
244.461129
228.759887
227.247068
270.101225
245.093141
244.985840
210.937396
270.294602
255.286685
246.721514
36033.677019
264.666633
244.119183
244.005986
242.251447
243.085089
242.969535
244.941033
259.642377
221.531254
242.330448
243.555560
243.087447
244.457592
241.697258
242.361106
242.427137
243.079193
243.425856
243.582680
242.613439
242.567453
242.971893
242.237297
243.747758
241.622973
243.088626
243.711205
243.297332
242.229043
242.737247
246.582377
240.828242
243.543769
242.401196
245.999889
242.477839
241.626510
243.615696
241.652451
257.265259
241.837574
244.300768
242.955385
243.139329
242.562736
243.153478
242.996655
243.351571
242.484914
243.467126
244.017778
244.345575
240.059452
243.943493
247.858191
241.900067
242.889354
242.872846
243.356288
244.057868
242.455436
243.191210
242.417704
258.272232
242.238476
243.441185
242.460152
242.868130
242.633484
242.608722
242.158296
243.810251
259.670676
242.608722
243.140508
243.460051
243.879820
242.402375
243.396378
242.246730
243.843267
243.236017
243.375154
241.819887
243.707668
242.695977
242.135893
244.484712
242.477839
242.838652
242.988401
245.865468
241.547509
242.778516
243.098059
243.790206
242.503780
242.930623
244.356187
36674.644044
267.688733
244.089704
279.362081
253.698403
243.287899
244.357366
243.350392
244.607341
210.097859
242.743142
243.019058
243.553202
243.082731
244.298410
243.835013
243.789027
244.544847
243.719459
244.472920
243.803177
243.457693
243.823222
243.844446
243.679369
243.799639
257.438590
244.162810
243.859775
243.811431
244.035465
243.811431
243.430573
244.211154
243.238375
243.720638
243.293794
243.654607
244.334963
244.199363
246.538749
243.333885
243.298511
244.491786
242.456615
243.293794
243.481275
244.153377
244.062584
243.599188
244.665118
244.158094
243.246629
243.831476
243.889253
258.987962
244.580221
243.456514
259.213175
243.868029
244.087346
243.140508
243.964717
244.682805
243.166449
243.135791
243.513112
243.601546
243.307944
243.738325
243.398737
243.243092
244.062584
244.001270
243.424677
244.114466
243.324452
243.544948
243.980046
243.804356
243.686443
244.200542
244.146302
243.516649
243.733608
243.409349
243.889253
244.790105
243.743041
243.522545
243.631024
260.154118
244.408068
243.179419
244.089704
243.602725
243.329168
244.023673
243.699414
244.459950
