1.097728
0.320711
0.163893
0.150923
0.141490
1.571721
0.476350
0.468097
0.453948
0.448052
2.374678
0.884314
0.755794
0.720421
0.720421
2.636435
1.182623
1.129564
1.068251
1.044670
2.726045
1.545781
1.508050
1.479752
1.477394
3.402840
1.865313
1.873567
1.818150
1.820508
3.400482
2.191920
2.145935
2.135324
2.129428
3.919280
2.514989
2.542108
2.491407
2.513810
4.178679
2.875789
2.822730
2.856924
2.801507
4.443973
3.181172
3.132830
3.142263
3.123397
4.660925
3.503063
3.459437
3.446467
3.414631
5.065351
3.786043
3.801371
3.755387
3.756566
6.477895
4.181037
4.109113
4.091426
4.086710
5.667863
4.379123
4.381481
4.413317
4.423928
6.060499
4.748177
4.702193
4.690402
4.721058
6.354091
5.118410
5.127842
5.083037
5.067709
6.677161
5.631312
5.426151
5.430867
5.389599
7.003767
5.936695
5.792846
5.712669
5.745683
7.452999
6.220854
6.106483
5.985037
6.000366
7.730084
6.666549
6.354091
6.355270
6.449597
7.970617
6.989618
6.797427
6.714891
6.745547
8.424565
7.456536
7.207749
7.053289
6.995514
8.911527
7.866858
7.524923
7.456536
7.463610
9.251104
8.250060
7.921096
7.948215
7.876290
9.538801
8.676889
8.300761
8.309015
8.283075
9.979779
9.074241
8.646233
8.566055
8.574309
11.335727
9.501070
9.200403
9.081316
9.081316
10.822825
9.933794
9.659067
9.501070
9.486921
11.902867
11.342801
10.923047
10.874704
11.045672
12.763599
11.808540
11.489008
11.523201
11.504336
13.257636
12.247160
11.905225
15.058099
12.425202
14.097145
12.796614
12.448783
12.435814
12.296681
14.284619
13.216368
12.781286
12.823733
12.787181
14.527511
13.586601
13.239950
13.341351
13.197503
16.490688
15.666507
15.378811
15.251469
15.227888
15.257365
15.282126
15.291558
15.237320
15.191336
15.230246
15.221992
15.000324
15.260902
15.193694
15.233783
15.183082
15.256186
15.262081
15.243216
15.139456
15.337543
15.348154
15.226709
15.190157
15.157143
15.163038
15.206664
15.219634
15.196052
15.343438
15.071069
15.185441
15.265618
15.236141
15.216097
15.234962
15.237320
15.192515
15.242037
15.133561
15.243216
15.153605
15.265618
15.278588
15.310424
15.173650
17.496448
15.621702
15.310424
15.201948
15.205485
15.199590
15.192515
15.173650
15.160680
15.256186
15.226709
15.184262
15.181903
15.238499
15.284484
15.204306
15.187799
15.199590
15.257365
15.179545
15.229067
15.217276
15.238499
15.242037
15.227888
15.279767
15.258544
15.313961
15.188978
15.155964
15.271514
15.225530
15.188978
15.229067
15.153605
15.225530
15.219634
15.252649
15.220813
15.240858
15.159501
15.224350
15.252649
15.303349
15.140635
15.297454
15.190157
15.277409
15.199590
15.298633
15.237320
15.217276
15.199590
15.291558
15.132382
15.184262
15.205485
15.200769
15.142994
15.181903
15.272693
15.165396
17.182811
15.644105
15.351692
15.319856
15.246753
15.133561
15.170113
15.185441
15.218455
15.243216
15.161859
15.138277
15.264439
15.219634
15.200769
15.196052
15.210201
15.263260
15.193694
15.185441
15.206664
15.067532
15.253828
15.219634
15.230246
15.252649
15.193694
15.227888
15.219634
15.204306
15.223171
15.193694
15.243216
15.221992
15.258544
15.260902
15.194873
15.188978
15.221992
15.197232
15.232604
15.121770
15.224350
15.306886
15.196052
15.203127
15.205485
15.232604
15.165396
15.146531
15.159501
15.139456
15.115875
15.181903
15.190157
15.265618
15.144173
15.199590
15.098188
15.289200
15.127665
15.159501
15.204306
15.736074
15.324573
15.330468
15.253828
15.086397
15.223171
15.304528
15.240858
15.375273
15.197232
15.170113
15.170113
15.166575
15.209022
15.220813
15.224350
15.164217
15.176008
15.160680
15.226709
15.127665
15.192515
15.105263
15.210201
15.260902
15.141814
15.133561
15.196052
15.124128
15.223171
15.158322
15.266798
15.199590
15.200769
15.161859
15.252649
15.247932
15.171292
15.242037
15.239679
15.273872
15.240858
15.185441
15.159501
15.224350
15.266798
15.160680
15.231425
15.232604
15.322215
15.249111
15.269156
15.210201
15.289200
15.220813
15.134740
15.174829
15.245574
15.214918
15.298633
15.135919
15.161859
17.138006
15.290379
15.394139
15.345796
15.260902
15.309245
15.207843
15.234962
15.324573
15.253828
15.155964
15.323394
15.283305
15.302170
15.244395
15.303349
15.267977
15.249111
15.298633
15.240858
15.454272
15.278588
15.363483
15.219634
15.275051
15.270335
15.213739
15.233783
15.029801
15.164217
15.264439
15.023906
15.237320
14.911893
15.217276
15.335184
15.237320
15.267977
15.176008
15.251469
15.181903
15.275051
15.325752
15.161859
15.251469
15.284484
15.239679
15.178366
15.211381
15.240858
15.240858
15.217276
15.234962
15.226709
15.258544
15.210201
15.188978
15.234962
15.251469
15.170113
15.250290
15.210201
17.602566
15.428332
15.232604
15.213739
15.173650
15.213739
15.245574
15.233783
15.172471
15.345796
15.234962
15.218455
15.280947
15.135919
15.231425
15.142994
15.264439
15.242037
15.176008
15.242037
15.188978
15.119412
15.267977
15.163038
15.312782
15.239679
15.159501
15.155964
15.190157
15.120591
15.186620
15.137098
15.153605
15.160680
