 1.391910
 0.614893
 0.453358
 0.537073
 0.434493
 0.452179
 0.432135
 0.542969
 0.466328
 0.522924
 0.505238
 0.620788
 0.472224
 0.520566
 0.506417
 0.548864
 0.471045
 0.386150
 0.392046
 0.389688
 0.731622
 0.769353
 0.513492
 0.512313
 0.618430
 0.547685
 0.538252
 0.514671
 1.304658
 0.475761
 0.535894
 0.653803
 0.459254
 0.553581
 0.515850
 0.451000
 0.518208
 0.489910
 0.451000
 0.583058
 0.535894
 0.518208
 0.512313
 0.526462
 0.508775
 0.474582
 0.452179
 0.584237
 0.466328
 0.491089
 0.518208
 0.563013
 0.538252
 0.488731
 0.591311
 0.534715
 0.545327
 0.454537
 0.507596
 0.563013
 0.802368
 0.837740
 0.486373
 0.532357
 0.476940
 0.546506
 0.633758
 0.525283
 0.553581
 0.548864
 0.469866
 0.553581
 0.485194
 0.427418
 0.310689
 0.498164
 0.364927
 0.395583
 0.436851
 0.415628
 0.359031
 0.374360
 0.383792
 0.353136
 0.446284
 0.367285
 0.360211
 0.397941
 0.381434
 0.423881
 0.451000
 0.382613
 0.528820
 0.369643
 0.368464
 0.445105
 0.370822
 0.377897
 0.368464
 0.421523
 0.368464
 0.440388
 0.382613
 0.395583
 0.397941
 0.423881
 0.298898
 0.353136
 0.370822
 0.421523
 0.442747
 0.389688
 0.363748
 0.370822
 0.375539
 0.359031
 0.373181
 0.380255
 0.396762
 0.493447
 0.402658
 0.381434
 0.402658
 0.441567
 0.364927
 0.362569
 0.363748
 0.425060
 0.374360
 0.449821
 0.300077
 0.379076
 0.363748
 0.369643
 0.347241
 0.355494
 0.356673
 0.426239
 0.367285
 0.410911
 0.361390
 0.465149
 0.382613
 0.373181
 0.369643
 0.433314
 0.380255
 0.379076
 0.548864
 0.304794
 0.314226
 0.426239
 0.375539
 0.287107
 0.357852
 0.353136
 0.375539
 0.698608
 0.392046
 0.372001
 0.416807
 0.298898
 0.380255
 0.302435
 0.311868
 0.289465
 0.373181
 0.318943
 0.369643
 0.374360
 0.305973
 0.364927
 0.291824
 0.287107
 0.297719
 0.526462
 0.313047
 0.285928
 0.384971
 0.388509
 0.310689
 0.434493
 0.686817
 0.417986
 0.383792
 0.448642
 0.351957
 0.367285
 0.475761
 0.375539
 0.421523
 0.367285
 0.386150
 0.425060
 0.375539
 0.379076
 0.493447
 0.373181
 0.465149
 0.311868
 0.368464
 0.443926
 0.427418
 0.430956
 0.366106
 0.448642
 0.387330
 0.387330
 0.489910
 0.314226
 0.334271
 0.384971
 0.374360
 0.390867
 0.381434
 0.459254
 0.337808
 0.309510
 0.414449
 0.382613
 0.406195
 0.355494
 0.421523
 0.354315
 0.361390
 0.372001
 0.359031
 0.416807
 0.406195
 0.390867
 0.374360
 0.369643
 0.373181
 0.369643
 0.368464
 0.452179
 0.366106
 0.337808
 0.413269
 0.384971
 0.372001
 0.432135
 0.387330
 0.473403
 0.374360
 0.387330
 0.446284
 0.373181
 0.521745
 0.362569
 0.421523
 0.374360
 0.446284
 0.379076
 0.377897
 0.381434
 0.387330
 0.376718
 0.454537
 0.412090
 0.362569
 0.347241
 0.410911
 0.432135
 0.384971
 0.360211
 0.413269
 0.436851
 0.354315
 0.361390
 0.359031
 0.379076
 0.443926
 0.428598
 0.364927
 0.434493
 0.377897
 0.448642
 0.397941
 0.366106
 0.380255
 0.493447
 0.432135
 0.315405
 0.397941
 0.380255
 0.386150
 0.524103
 0.420344
 0.432135
 0.396762
 0.399120
 0.370822
 0.387330
 0.448642
 0.395583
 0.379076
 0.434493
 0.438030
 0.406195
 0.427418
 0.395583
 0.356673
 0.355494
 0.377897
 0.381434
 0.373181
 0.414449
 0.440388
 0.448642
 0.426239
 0.414449
 0.495805
 0.323659
 0.492268
 0.441567
 0.375539
 0.478119
 0.388509
 0.380255
 0.394404
 0.401479
 0.421523
 0.372001
 0.393225
 0.373181
 0.421523
 0.458075
 0.425060
 0.367285
 0.436851
 0.367285
 0.363748
 0.399120
 0.356673
 0.447463
 0.421523
 0.433314
 0.442747
 0.448642
 0.387330
 0.434493
 0.354315
 0.390867
 0.425060
 0.401479
 0.396762
 0.511134
 0.373181
 0.387330
 0.478119
 0.374360
 0.364927
 0.445105
 0.433314
 0.377897
 0.388509
 0.511134
 0.394404
 0.414449
 0.441567
 0.434493
 0.389688
 0.442747
 0.387330
 0.443926
 0.309510
 0.353136
 0.384971
 0.380255
 0.376718
 0.387330
 0.396762
 0.426239
 0.419165
 0.407374
 0.425060
 0.587774
 0.372001
 0.401479
 0.455717
 0.376718
 0.443926
 0.356673
 0.440388
 0.362569
 1.515714
 0.439209
 0.396762
 0.380255
 0.386150
 0.434493
 0.379076
 0.300077
 0.380255
 0.511134
 0.458075
 0.448642
 0.432135
 0.360211
 0.479298
 0.396762
 0.436851
 0.372001
 0.304794
 0.430956
 0.451000
 0.370822
 0.435672
 0.372001
 0.419165
 0.419165
 0.449821
 0.433314
 0.331913
 0.353136
 0.454537
 0.420344
 0.414449
 0.468686
 0.428598
 0.305973
 0.360211
 0.415628
 0.372001
 0.420344
 0.485194
 0.383792
 0.377897
 0.436851
 0.377897
 0.435672
 0.362569
 0.383792
 0.366106
 0.413269
 0.392046
 0.449821
 0.526462
 0.382613
 0.363748
 0.376718
 0.439209
 0.453358
 0.409732
 0.287107
 0.429777
 0.364927
 0.419165
 0.419165
 0.317764
 0.372001
 0.387330
 0.438030
 0.447463
 0.413269
 0.416807
 0.563013
 0.425060
 0.359031
 0.426239
 0.375539
 0.351957
 0.417986
 0.432135
 0.377897
 0.413269
 0.423881
 0.374360
 0.447463
 0.354315
 0.433314
 0.361390
 0.361390
 0.362569
 0.387330
 0.420344
 0.410911
 0.367285
 0.392046
 0.436851
 0.359031
 0.301256
 0.440388
 0.388509
 0.445105
 0.425060
 0.317764
 0.331913
 0.362569
 0.430956
 0.368464
 0.429777
 0.333092
 0.373181
 0.432135
 0.412090
 0.447463
 0.435672
 0.421523
 0.353136
 0.361390
 0.369643
 0.432135
 0.427418
 0.429777
 0.479298
 0.429777
 0.310689
 0.369643
 0.376718
 0.377897
 0.415628
 0.407374
 0.572446
 0.416807
 0.298898
 0.388509
 0.377897
 0.377897
 0.430956
 0.383792
 0.433314
 0.370822
 0.430956
 0.420344
 0.461612
 0.376718
 0.433314
 0.422702
 0.426239
 0.443926
 0.409732
 0.402658
 0.440388
 0.478119
 0.408553
 0.428598
 0.407374
 0.379076
 0.374360
 0.439209
 0.355494
 0.563013
 0.426239
 0.333092
 0.435672
 0.368464
 0.433314
 0.433314
 0.366106
 0.373181
 0.415628
 0.399120
 0.375539
 0.496984
 0.392046
 0.362569
 0.456896
 0.417986
 0.406195
 0.360211
 0.428598
 0.393225
 0.334271
 0.413269
 0.353136
 0.370822
 0.433314
 0.376718
 0.377897
 0.362569
 0.441567
 0.440388
 0.375539
 0.474582
 0.375539
 0.425060
 0.367285
 0.369643
 0.443926
 0.335450
 0.452179
 0.367285
 0.441567
 0.414449
 0.469866
 0.472224
 0.369643
 0.380255
 0.422702
 0.644370
 0.298898
 0.461612
 0.359031
 0.324838
 0.410911
 0.439209
 0.364927
 0.376718
 0.438030
 0.460433
 0.386150
 0.394404
 0.374360
 0.428598
 0.305973
 0.443926
 0.410911
 0.426239
 0.511134
 0.439209
 0.370822
 0.363748
 0.383792
 0.480477
 0.423881
 0.370822
 0.296540
 0.379076
 0.415628
 0.360211
 0.420344
 0.364927
 0.368464
 0.353136
 0.347241
 0.429777
 0.419165
 0.554760
 0.423881
 0.432135
 0.375539
 0.383792
 0.452179
 0.406195
 0.438030
 0.359031
 0.448642
 0.357852
 0.344882
 0.410911
 0.420344
 0.307152
 0.408553
 0.309510
 0.428598
 0.366106
 0.534715
 0.295361
 0.305973
 0.290645
 0.302435
 0.475761
 0.520566
 0.452179
 0.454537
 0.381434
 0.445105
 0.375539
 0.427418
 0.454537
 0.393225
 0.395583
 0.473403
 0.367285
 0.425060
 0.472224
 0.316584
 0.423881
 0.375539
 0.366106
 0.414449
 0.430956
 0.410911
 0.382613
 0.421523
 0.432135
 0.348420
 0.647907
 0.433314
 0.441567
 0.369643
 0.377897
 0.496984
 0.440388
 0.375539
 0.377897
 0.501701
 0.372001
 0.349599
 0.454537
 0.392046
 0.382613
 0.465149
 0.432135
 0.426239
 0.363748
 0.390867
 0.367285
 0.373181
 0.456896
 0.481656
 0.453358
 0.406195
 0.347241
 0.440388
 0.422702
 0.348420
 0.488731
 0.421523
 0.301256
 0.375539
 0.446284
 0.356673
 0.443926
 0.359031
 0.375539
 0.442747
 0.423881
 0.447463
 0.417986
 0.305973
 0.337808
 0.616072
 0.430956
 0.377897
 0.416807
 0.376718
 0.374360
 0.427418
 0.359031
 0.408553
 0.367285
 0.486373
 0.376718
 0.350778
 0.446284
 0.375539
 0.452179
 0.361390
 0.447463
 0.438030
 0.356673
 0.520566
 0.291824
 0.442747
 0.349599
 0.340166
 0.372001
 0.375539
 0.386150
 0.324838
 0.456896
 0.353136
 0.433314
 0.440388
 0.433314
 0.448642
 0.421523
 0.408553
 0.460433
 0.410911
 0.545327
 0.413269
 0.453358
 0.419165
 0.326017
 0.353136
 0.420344
 0.417986
 0.363748
 0.399120
 0.377897
 0.410911
 0.367285
 0.354315
 0.346062
 0.394404
 0.460433
 0.427418
 0.354315
 0.426239
 0.566551
 0.413269
 0.432135
 0.300077
 0.360211
 0.375539
 0.363748
 0.412090
 0.316584
 0.419165
 0.348420
 0.347241
 0.417986
 0.390867
 0.303614
 0.376718
 0.426239
 0.417986
 0.350778
 0.337808
 0.432135
 0.414449
 0.360211
 0.357852
 0.448642
 0.466328
 0.370822
 0.366106
 0.527641
 0.363748
 0.434493
 0.400299
 0.453358
 0.360211
 0.349599
 0.380255
 0.348420
 0.480477
 0.462791
 0.432135
 0.463970
 0.425060
 0.357852
 0.414449
 0.308331
 0.377897
 0.370822
 0.455717
 0.456896
 0.407374
 0.354315
 0.432135
 0.370822
 0.346062
 0.408553
 0.359031
 0.415628
 0.341345
 0.353136
 0.442747
 0.451000
 0.491089
 0.417986
 0.436851
 0.366106
 0.331913
 0.401479
 0.408553
 0.565371
 0.347241
 0.475761
 0.351957
 0.335450
 0.361390
 0.366106
 0.362569
 0.341345
 0.403837
 0.300077
 0.289465
 0.448642
 0.421523
 0.422702
 0.355494
 0.414449
 0.403837
 0.390867
 0.357852
 0.369643
 0.360211
 0.439209
 0.436851
 0.353136
 0.347241
 0.369643
 0.433314
 0.498164
 0.355494
 0.393225
 0.540611
 0.434493
 0.314226
 0.397941
 0.320122
 0.363748
 0.410911
 0.367285
 0.422702
 0.425060
 0.453358
 0.446284
 0.360211
 0.298898
 0.415628
 0.347241
 0.476940
 0.351957
 0.355494
 0.360211
 0.392046
 0.350778
 0.393225
 0.422702
 0.346062
 0.354315
 0.357852
 0.343703
 0.446284
 0.347241
 0.471045
 0.428598
 0.367285
 0.355494
 0.377897
 0.415628
 0.369643
 0.429777
 0.445105
 0.415628
 0.383792
 0.359031
 0.375539
 0.305973
 0.380255
 0.421523
 0.429777
 0.313047
 0.363748
 0.368464
 0.546506
 0.344882
 0.409732
 0.448642
 0.435672
 0.429777
 0.440388
 0.438030
 0.412090
 0.359031
 0.455717
 0.408553
 0.423881
 0.439209
 0.351957
 0.369643
 0.321301
 0.407374
 0.376718
 0.422702
 0.342524
 0.425060
 0.535894
 0.330733
 0.379076
 0.342524
 0.379076
 0.327196
 0.359031
 0.382613
 0.416807
 0.343703
 0.408553
 0.331913
 0.361390
 0.328375
 0.368464
 0.400299
 0.364927
 0.357852
 0.459254
 0.360211
 0.399120
 0.354315
 0.360211
 0.362569
 0.400299
 0.349599
 0.357852
 0.359031
 0.482835
 0.362569
 0.426239
 0.375539
 0.426239
 0.435672
 0.412090
 0.394404
 0.420344
 0.329554
 0.440388
 0.298898
 0.304794
 0.303614
 0.384971
 0.334271
 0.309510
 0.310689
